0 0 0.010 0.010
00000000000000000000000000000000000000000000000000000000000000000000000000000000000
00000000000000000000000000000000000000000000000000000000000000000000000000000000000
00000000000000000000000000000000000000000000000000000000000000000111111110000000000
00000000000001111111111111111111111111111111111111111111111111111111111111000000000
00000000000001100000000000001100000000000000000000000000000000000000000011000000000
00000000000001100000000000001100000000000000000000000000000000000000000011000000000
00000000000001100000000000001100000000000000000000000000000000000000000011000000000
00000000000001100000000000001100000000000000000000000000000000000000000011000000000
00000000001111100000000000001100000000000000000000000000000000000000000011000000000
00000000001110000000000000001100000000000000000000000000000000000000000011000000000
00000000001000000000000000001100000000000000000000000000000000000000000011000000000
00000000001000000000000000001100000000000000000000000000000000000000000011000000000
00000000001000000000000000001100000000000000000000000000000000000000000011000000000
00000000001000000000000000001100000000000000100000000000000000000000000011000000000
00000000001000000000000000001100000000000000100000000000000000000000000011000000000
00000000001000000000000000001100000000000000100000000000000000000000000011000000000
00000000001000000000000000001100000000000000100000000000000000000000000011000000000
00000000001000000000000000001100000000000000100000000000000000000000000011000000000
00000000001000000000000000001111111111111111100000000000000000000000000011000000000
00000000001000000000000000001111111111111111100000000000000000000000000011000000000
00000000001000000000000000001100000000000000000000000000000000000000000011000000000
00000000001000000000000000001100000000000000000000000000000000000000000011000000000
00000000001000000000000000001100000000000000000000000000000000000000000011000000000
00000000001000000000000111111100000000000000000000000000000000000000000011000000000
00000000001000000000000111111100000000000000000000000000011111111111111111000000000
00000000001000000000000000000000000000000000000000000000011111111111111111000000000
00000000001000000000000000000000000000000000000000000000000000000000000011000000000
00000000001000000000000000000000000000000000000000000000000000000000000011000000000
00000000001000000000000000000000000000000000000000000000000000000000000011000000000
00000000001000000000000000000000000000000000000000000000000000000000000011000000000
00000000001000000000000000000000000000000000000000000000000000000000000011000000000
00000000001000000000000000000000000000000000000000000000000000000000000011000000000
00000000001000000000000000000000000000000000000000000000000000000000000011000000000
00000000001000000000000000000000000000000000000000000000000000000000000011000000000
00000000001000000000000000000000000000000000000000000000000000000000000011000000000
00000000001000000000000000000000000000000000000000000000000000000000000011000000000
00000000001000000000000000001111111000000000001111111111111111100000000011000000000
00000000001000000000000000001111111000000000001111111111111111100000000011000000000
00000000001000000000000000001000000000000000001100000000000000100000000011000000000
00000000001000000000000000001100000000000000001100000000000000100000000011111110000
00000000001000000000000000001100000000000000001100000000000000100000000000000010000
00000000001000000000000000001100011000000000001100000000000000100000000000000010000
00000000001000000000000000001111111000000000001100000000000000100000000000000010000
00000000001000000000000000000000000000000000001100000000000000100000000000000010000
00000000001000000000000000000000000000000000001100000000000000100000000000000010000
00000000001000000000000000000000000000000000001100000000000000100000000000000010000
00000000001000000000000000000000000000000000001100000000000000100000000000000010000
00000000001000000000000000000000000000000000001100000000000000100000000000000010000
00000000001000000000000000000000000000000000001100000000000000100000000000000010000
00000000001000000000000000000000000000000000001100000000000000100000000000000010000
00000000011000000000000000000000000000000000001100000000000000100000000000000010000
00000000001000000000000000000000000000000000011100000000000000100000000000000010000
00000000011000000000000000000001111111111111111100000000000000111111111111111110000
00000000011000000000000000000000000000000000000000000000000000100000000000000000000
00000000011000000000000000000000000000000000000000000000000000100000000000000000000
00000000011000000000000000000000000000000000000000000000000000100000000000000000000
00000000011000000000000000000000000000000000000000000000000000100000000000000000000
00000000001111111000000000000000000000000000000000000000000000100000000000000000000
00000000000000011000000000000000000000000000000000000000000000100000000000000000000
00000000000000010000000000000000000000000000000000000000000000100000000000000000000
00000000000000010000000000000000000000000000000000000000000000100000000000000000000
00000000000000010000000000000000000000000000000000000000000000100000000000000000000
00000000000000010000000000000000000000000000000000000000000000100000000000000000000
00000000000000011111111111111111111111111111111111111111111111100000000000000000000
00000000000000000000000000000000000000000000000000000000000000000000000000000000000
00000000000000000000000000000000000000000000000000000000000000000000000000000000000
00000000000000000000000000000000000000000000000000000000000000000000000000000000000
